011113321141111344443331343311133333334433343333344443143334434444343343343334333344433333333343333233344444
101111111141111111411111141113111111331433313131344411113134131144143343143134133314431331333313311133344444
110111111111211311143312111111311134144444444313414113131344144414344411344411344444444331444444411111111144
111011111111131111111111111111131111441444414131444311313144141114144411144111144414441331444314411111111141
111101111111111111211111111111111131111433323331124222133331232224143311111111131314431331333313311131114343
311110111113111113111112111111333311113111121133144133131141113311121411144311111131212211341111111113121141
311111011111211113111122111111332211112111121111131131131131112211141311144411131141434121141111111111111114
211111101122211121111111122211121111111111121133122222121141212211121414144112141111241221441311111143124144
111111110121111311122111323311113111331133313131333311113131131111123343343132233314233331333323311133324344
111111111011111111111132133331131311111111131131131333331111111311111311111313111111131331331311111111112131
441111122101221133112222313223323331333413223311121131233343233333243431444321233333414211143131321211112312
111113121110111311112111141113113111331433313131331311113134131114143313343134233311433331333313331231111141
112111221121013341213132131113333331333133313333344343313331432121123343343333333314233333333313312233121141
111311111121101311221212111121111113311133323133121222123111111221213343341111111311133331333323311133324343
111111111111310111111111111111131111111111313111131111113111111111111111111111111311111111111111311113311113
313111113113331011111111111311131111111111121131131131331131313311111111111112111111211111331111111133144134
411111121131411101133111111111111111111331212111113111111131111113133311111111331331331333131333211211331144
411113311131111110311111131111111121111113212111121323214211112131122311111133131214231331333311233113431114
441121111111221113011111111111313111113111111113113113131111113311121311144311131131213312341111111111131144
414111112111121131101111111111121111111111111133121111111111213311121313143113131111211311331111111133131141
313111112122311131110111113311111111111111121131133331231111111211111113141111111111111111111311111113124133
313111111121121111111011123311111111111111111131133311211131111111121313143112131111231121431311111133124134
311111211321311111111101121113111111111111111131433311314112141112123343144143114114231311442312232133334344
112112211221221111111110223311111123331222222232433332124232142212123343144142134314231221442312222133324344
311111113131111111111112011111311111111111131111133333331111112311131111141111131111311111111311111113131133
441111122314311113111222101111111311133111223311121131333323133313211111241111131333111114111131311213311113
311111123331111111113313110111311111113221121333111113333331142111321311344311314114233313442111111213321144
311111123321111311113313111011311131313112111333411113333112142212321311144311331114233133441112111213331144
111111111321121111111111111101111133331333333333333131124333144313133311143111134314331221443313311111321143
131111111133311111111131111110111311111111131111113112111131112311121311111111131131231333331311111111131123
113113311131311111311111313311011111331122212131333311111111111131113343141111111311131331332312233133334323
311313321321313311121111111111101123132212222111113113111211142212121141344111134124213111142321233211124113
311113213133311111311111111111110123311121232331121333331211211331122133141111122211231331111312232133334323
311113211331311111111111131113111011331222211131133311314131141111121343144142131314231131441311112133324344
313131111131311112111112111331122101111111111131131311311111111111111113141113111111133313331311111133134124
314111111111131111111113111131133110111111111111111111111111111111131311111111131111331133131111111113114111
331411113133331111111113111331313311011111141111112113131111314311111111111111111131111111111311111111133134
334411113133311111111113131131331311101111131131111113331111312311121111111313111131211311411111111113133123
414113211131311111311111133311121111110133313131133111114111111131113311111113111311111111333313332111132323
444441111144111131111112112131121211111011111133121313311111111111111113141313111111133321431311111133134144
334431113113331131111112112131212211113101111111121111311111112211111111144111121121213111141111111113114114
334431113133331113111112111231221211113110131131121333331121211311111113141311111131111114111311111113134123
334431113123333122111112121131222211113111011133122313321111212211121413144313111121233312441311111133134144
414122221321121211112112322133123111431113101131422311314111131131122343343133224214233322433332232233334344
334431113133333122111112131131222111113111110133122313321111212111121313144313111121233112441311111133134144
313131111131311111111112133331113111111111111011121311111111111111111111121113111111113111131311111113133121
331333133313331311133333113331313331133313333101111111111311133313333111311311331331333333133131331311313113
313113131111331111331112113331111111111311313110121111311111111131111111111131131131111111111131331313113313
334411113113311111111144111431311111111111141111041111331111312111131111111111131131311111111111111113114114
441424323323423312123333321131312331113222222212401113131322342212321233324232322132233333442122243231322324
444444123111411131313333311133331311213111222111110111113112312231311111121331322131133331131111241213314311
441321123313321113113333311111313331111313333311111011131333333313331331143131333133311113143111311211312313
411123321331421312113113331131113111111113111111111101111111131111121313343133334131233333433111133231334341
313123121311321113311112313312133111331313313111131110114133131133133311143131134321333112133111331211314311
111311111321311312112231333311113331131333333113311111011333234313233313343133234321333221433413311131324341
413133321331121311313112333321113111331113212111331311101111131131121313343133311111233333333311233233334111
331331113133333114111144133341111411114111141111113114110111411411121111141113131141213111131311111111134114
313131111131311112111112133131122111111111111131131311311011111111111313141111111111133133331311111133134124
334434343143311331111313123133111311111112111111121313311101111331311131341143111111113111142331333413133114
444411111134111111111122131231111111111111111111122313311110111111111311111313111111131334131311111133134114
411121121121411311121111111111112111331112212111333311214111011111113311341111111311111111442321211213121114
334431113133311111111144134441141411111111131131141333331111101311111113141413111111131331111311111133134143
414123221131211312331112232242121111421121212131222311411111110131112243341123111211133332121332232233334324
414123221331121311332112331233123111331123211131122311314131131011122343243132234214233232433311122233324344
441121111131221113111111111111313111113111131113113113131131113101121311144311131131231132341111111111111144
444441111134111131111122131231121111111111111131121313311111111110111313141311111111133231431311111133144144
313111111121121111111111123311111111111111111131133311211131111111021313143112131111231211431311111133124134
444442422144211132221222312232122213121111222131321323322111111221201142221321111211111114111322224213444224
334431113133331132111133111131312111113111121131111113311111312211110111124113111111213111141111111113134124
334434343343331133331333113333311313113111433111121333331313312333311031321111111131111111111331333413133313
441111114131441111111144111111443411111111141111131311111131114411141301111111111111411111331111111111131121
331111143113331111133333111111313331111313333111131131331311133313321110111111331131211111133111311413111114
313111113143331111111111123111131111111111131131131131331131313211121311011111131111131111331111111133114134
444414444144441111444444444441444441111444444211122444444441444444422211101444421244221224424444444414444424
334414443143311111431344114431141411111141434111141333331111111341314111110311111111111114111331444413444413
314113411331311111311111113311111111131313313131123111111113141133131111143011111111311111143311334111134123
331111113123311113111144111111111411111111131113133333331141112311121111141101121111211111111311111113121113
441111122314311213131232111111111231133311333311121131333133133211213111141110131133111114111111211213311113
313111112122311131111111113311111111111111121131133331231111111211111113141111011111111111111311111113124133
334431343133311133331313331333132313111121121133322333313111111331311113321123101111113314442333333433433124
334411113133311111111144114141142111111111141111122344411111111411111111111111110111111114111311111113134114
334431113133333132111113131131312311113111121131111113311111312211121111121111111011113111141111111113134124
414113411131111131311111131113121111331123212133333332214111111131111313141113111101111111433312234133131142
444441114131411114111144134441141411111111141111121311111111111411111111141113111110133334131311111133134111
444442422144211232221222312232122213121121222131321323322111111221212142121321111111011114111321224213444224
334431343313331133111333113333313333111311333131133133331313133333311111321111111113101111111131333413133124
314112413143331111311111113311131131111331333331133133333331113313113111111111131313110111111113314113114333
333332123323331133331132113123313131131311331131133131231113133212211111121111131113111011111111112213114334
333331223313331133111212111323313313111211121131133131231313133333111111121111111113111101111131321213124334
311111111111311131211111143313111133111114222131131332131314112221141111144114144114411110144311211111114444
334433143313331313331444114443311431143411444111141141431311411434411131341111141141111111011131431414114314
334434443343331333431344114443341433113341434331143433333343412343314133321411141433111114101334444413444443
334431113133331113111122112131221111113111131131121333331121211311111113141311121131111114110311111113134123
334331133313331133113333311133333331313313333311111111433333333313331311143331333133311113133011311311311311
414111112131121131111111131111121111111111131133121111111131213111121311143111131111231131331101111133111141
334431113113331131111122111231212111113111121111121111311111112111121111141111131121113111141110111113114114
334431113133333122111122131131222111113111121133122313321131212111121313144312131121233132441311011133124144
311111111123111113111132111111333111113111131133144133131131113211121311144311131131231121341111101113111141
311111111111211113111122111111332211112111121111131131131131112211141311144411131141434211141111110111111114
211111111122211121111111122211121111111111121133122222121141212211121414144112141111241221441311111043124144
331131143113331311131333111111313331111311333111131131331313133313311111311111131133111111111131311401111111
331113133111333313133333333311313333131333333313313111131333333313333313343133333333333331433133331310111321
331111113111133134111133133331313311111111131131133333331111113311141111144113141111411111141311111111012141
441112122111221433332232312323323231333313333311121131233333233214243331144321233333431121143111211211102312
441141144221141411114444111111444444332444444333424244444434144414444311444411434414434444444114411411220141
441131113131131111111133111111313311113111131113133333311111113311121311144111111111213334341311111113131014
444444144314441341443344314442212421322412444211121141411211142444322121321211321241223334142141441412414104
444131444121133444413444334433333441433443444133441311114444434444444314443333344421443444433114414411121440

7-ominoes : 108
total patterns : 5778 (= 108 * 107 / 2)
        first  : 4728
                 [(1,3296),(3,1432)]
        second : 1050
                 [(2,491),(4,559)]
