01111321111133331311333333333333233
10111111111111112111111311313131133
11011111111311311112111133133131111
11101111112131112321311311313131111
11110111111111111111111111112121111
31111011111112111112122112111111111
21111101111121111211211111112111131
11111110111111111211111311312131132
11111111011111121222212112111111111
11111111101111112111111311312131111
11121111110211111111111311111111132
11311111112011111111211111111111131
31131121111101211112111113122211212
31111211111110111111111111111112111
31311111111121011121111111111111131
31111111211111102121111311311132132
12121111121111120111112111112211111
31131122211111111012111111111231212
11121111211111221101132131122131112
11211211211121111210111311112122132
31131121211211111111011111111131211
31111211111111111131101311111112132
31111211211111112121110311312131132
33131113133111131113133011111111111
31311111111111111131111101111111131
31311211211131111111111110111132111
33131113131111131111113111011111111
31311111111121111121111111101111131
33332122121121112122112111110112231
31111111111121112211111111111011111
33332113131111131332313113111101131
31111111111112121112121112112110111
21111111111121111211211111112111031
33111133113311331113133131133131301
33111112112121121222122111111111110

6-ominoes : 35
total patterns : 595 (= 35 * 34 / 2)
        first  : 526
                 [(1,450),(3,76)]
        second : 69
                 [(2,69)]
